0 
25  
216
218
219
224
227
227
230
232
233
235
237
238
240
242
243
246
248
251
252
255
258
260
262
264
268
270
273
276
279
282
279
282
286
288
292
296
299
298
302
305
310
313
313
315
320
325
328
329
333
336
342
342
346
351
351
357
361
367
367
373
379
378
385
385
392
398
397
406
413
413
419
420
428
437
437
444
446
454
455
464
465
474
475
484
487
496
498
508
511
521
523
536
538
549
553
568
569
584
584
587
604
607
623
623
629
647
652
652
672
679
701
701
708
734
734
741
768
768
779
811
811
822
822
860
873
873
915
915
935
935
987
987
1008
1008
1071
1071
1102
1102
1102
1183
1183
1223
1223
1223
1333
1333
1333
1393
1393
1393
1552
1552
1552
1648
1648
1648
1648
1910
1910
1910
1910
2094
2094
2094
2094
2094
2670
2670
2670
2670
2670
2670
2670
3309
3309
3309
3309
3309
3309
3309
3309
3309
3309
3309
3309
3309
3309
3309
3309
3309
3309
3309
3309
3309
3309
3309
3309
3309
3309
3309
3309
3309
3309
3309
3309
3309
3309
3309
3309
3309
3309
3309
3309
3309
3309
3309
3309
3309
3309
3309
3309
3309
3309
3309
3309
3309
3309
3309
3309
3309
3309
3309
3309
3309
3309
3309
3309
3309
3309
3309
3309
3309
3309
3309
3309
3309
3309
3309
3309
3309
3309
3309
3309
3309
3309
3309
3309
3309
3309
3309
3309
3309
3309
3309
3309
3309
3309
3309
3309
3309
3309
3309
3309
3309
3309
3309
3309
3309
3309
3309
3309
3309
3309
3309
3309
3309
3309
3309
3309
3309
3309
3309
3309
3309
3309
3309
3309
3309
3309
3309
3309
3309
3309
3309
3309
3309
3309
3309
3309
3309
3309
3309
3309
3309
3309
3309
3309
3309
3309
3309
3309
3309
3309
3309
3309
3309
3309
3309
3309
3309
3309
3309
