38
35
36
39
40
37
40
37
40
38
41
41
39
40
39
40
40
40
41
42
42
45
42
42
45
44
47
44
48
44
46
49
50
46
47
47
47
48
49
49
50
50
55
51
52
56
53
57
53
59
55
61
55
57
62
62
62
63
59
60
61
62
66
67
68
63
65
69
65
67
73
68
74
70
76
76
73
79
80
76
76
77
83
84
86
86
88
89
84
85
86
93
96
89
91
100
92
100
96
104
97
106
99
109
104
104
115
117
110
113
113
115
126
128
129
132
134
126
130
129
143
147
149
140
153
158
147
162
155
170
158
175
166
185
172
190
193
190
191
208
209
207
214
215
213
239
249
262
269
270
249
257
271
289
321
332
332
305
319
354
346
389
443
429
467
434
463
424
470
453
526
549
678
678
787
787
1125
1125
1125
1346
1346
1346
1556
1556
1353
1353
1353
1276
1276
1053
1053
1238
1238
1238
1238
1823
1823
1823
1823
1823
1823
1823
1823
1823
1823
1823
1823
1823
1823
1823
1823
1823
1823
1823
1823
1823
1823
1823
1823
1823
1823
1823
1823
1823
1823
1823
1823
1823
1823
1823
1823
1823
1823
1823
1823
1823
1823
1823
1823
1823
1823
1823
1823
1823
1823
1823
1823
1823
1823
1823
1823
1823
1823
1823
1823
1823
1823
1823
1823
1823
1823
1823
1823
1823
1823
1823
1823
1823
1823
1823
1823
1823
1823
1823
1823
1823
1823
1823
1823
1823
1823
1823
1823
1823
1823
1823
1823
1823
1823
1823
1823
1823
1823
1823
1823
1823
1823
1823
1823
1823
1823
1823
1823
1823
1823
1823
1823
1823
1823
1823
1823
1823
1823
1823
1823
1823
1823
1823
1823
1823
1823
1823
1823
1823
1823
1823
1823
1823
1823
1823
1823
1823
